0.000000	0.000000
0.000000	1.000000
0.000000	2.000000
0.000000	3.000000
0.000000	4.000000
0.000000	5.000000
0.000000	6.000000
0.000000	7.000000
0.000000	8.000000
0.000000	9.000000
0.000000	10.000000
0.000000	11.000000
0.000000	12.000000
0.000000	13.000000
0.000000	14.000000
0.000000	15.000000
0.000000	16.000000
0.000000	17.000000
0.000000	18.000000
0.000000	19.000000
0.000000	20.000000
0.000000	21.000000
0.000000	22.000000
0.000000	23.000000
0.000000	24.000000
0.000000	25.000000
0.000000	26.000000
0.000000	27.000000
0.000000	28.000000
0.000000	29.000000
0.000000	30.000000
0.000000	31.000000
0.000000	32.000000
0.000000	33.000000
0.000000	34.000000
0.000000	35.000000
0.000000	36.000000
0.000000	37.000000
0.000000	38.000000
0.000000	39.000000
0.000000	40.000000
0.526316	0.000000
0.529572	1.000000
0.532828	2.000000
0.536085	3.000000
0.539341	4.000000
0.542597	5.000000
0.545853	6.000000
0.549110	7.000000
0.552366	8.000000
0.555622	9.000000
0.558878	10.000000
0.562135	11.000000
0.565391	12.000000
0.568647	13.000000
0.571903	14.000000
0.575159	15.000000
0.578416	16.000000
0.581672	17.000000
0.584928	18.000000
0.588184	19.000000
0.591441	20.000000
0.594697	21.000000
0.597953	22.000000
0.601209	23.000000
0.604466	24.000000
0.607722	25.000000
0.610978	26.000000
0.614234	27.000000
0.617491	28.000000
0.620747	29.000000
0.624003	30.000000
0.627259	31.000000
0.630516	32.000000
0.633772	33.000000
0.637028	34.000000
0.640284	35.000000
0.643541	36.000000
0.646797	37.000000
0.650053	38.000000
0.653309	39.000000
0.656566	40.000000
1.052632	0.000000
1.059144	1.000000
1.065657	2.000000
1.072169	3.000000
1.078682	4.000000
1.085194	5.000000
1.091707	6.000000
1.098219	7.000000
1.104732	8.000000
1.111244	9.000000
1.117757	10.000000
1.124269	11.000000
1.130781	12.000000
1.137294	13.000000
1.143806	14.000000
1.150319	15.000000
1.156831	16.000000
1.163344	17.000000
1.169856	18.000000
1.176369	19.000000
1.182881	20.000000
1.189394	21.000000
1.195906	22.000000
1.202419	23.000000
1.208931	24.000000
1.215444	25.000000
1.221956	26.000000
1.228469	27.000000
1.234981	28.000000
1.241494	29.000000
1.248006	30.000000
1.254519	31.000000
1.261031	32.000000
1.267544	33.000000
1.274056	34.000000
1.280569	35.000000
1.287081	36.000000
1.293594	37.000000
1.300106	38.000000
1.306619	39.000000
1.313131	40.000000
1.578947	0.000000
1.588716	1.000000
1.598485	2.000000
1.608254	3.000000
1.618022	4.000000
1.627791	5.000000
1.637560	6.000000
1.647329	7.000000
1.657097	8.000000
1.666866	9.000000
1.676635	10.000000
1.686404	11.000000
1.696172	12.000000
1.705941	13.000000
1.715710	14.000000
1.725478	15.000000
1.735247	16.000000
1.745016	17.000000
1.754785	18.000000
1.764553	19.000000
1.774322	20.000000
1.784091	21.000000
1.793860	22.000000
1.803628	23.000000
1.813397	24.000000
1.823166	25.000000
1.832935	26.000000
1.842703	27.000000
1.852472	28.000000
1.862241	29.000000
1.872010	30.000000
1.881778	31.000000
1.891547	32.000000
1.901316	33.000000
1.911085	34.000000
1.920853	35.000000
1.930622	36.000000
1.940391	37.000000
1.950159	38.000000
1.959928	39.000000
1.969697	40.000000
2.105263	0.000000
2.118288	1.000000
2.131313	2.000000
2.144338	3.000000
2.157363	4.000000
2.170388	5.000000
2.183413	6.000000
2.196438	7.000000
2.209463	8.000000
2.222488	9.000000
2.235513	10.000000
2.248538	11.000000
2.261563	12.000000
2.274588	13.000000
2.287613	14.000000
2.300638	15.000000
2.313663	16.000000
2.326688	17.000000
2.339713	18.000000
2.352738	19.000000
2.365763	20.000000
2.378788	21.000000
2.391813	22.000000
2.404838	23.000000
2.417863	24.000000
2.430888	25.000000
2.443913	26.000000
2.456938	27.000000
2.469963	28.000000
2.482988	29.000000
2.496013	30.000000
2.509038	31.000000
2.522063	32.000000
2.535088	33.000000
2.548113	34.000000
2.561138	35.000000
2.574163	36.000000
2.587188	37.000000
2.600213	38.000000
2.613238	39.000000
2.626263	40.000000
2.631579	0.000000
2.647860	1.000000
2.664141	2.000000
2.680423	3.000000
2.696704	4.000000
2.712985	5.000000
2.729266	6.000000
2.745548	7.000000
2.761829	8.000000
2.778110	9.000000
2.794391	10.000000
2.810673	11.000000
2.826954	12.000000
2.843235	13.000000
2.859516	14.000000
2.875797	15.000000
2.892079	16.000000
2.908360	17.000000
2.924641	18.000000
2.940922	19.000000
2.957204	20.000000
2.973485	21.000000
2.989766	22.000000
3.006047	23.000000
3.022329	24.000000
3.038610	25.000000
3.054891	26.000000
3.071172	27.000000
3.087453	28.000000
3.103735	29.000000
3.120016	30.000000
3.136297	31.000000
3.152578	32.000000
3.168860	33.000000
3.185141	34.000000
3.201422	35.000000
3.217703	36.000000
3.233985	37.000000
3.250266	38.000000
3.266547	39.000000
3.282828	40.000000
3.157895	0.000000
3.177432	1.000000
3.196970	2.000000
3.216507	3.000000
3.236045	4.000000
3.255582	5.000000
3.275120	6.000000
3.294657	7.000000
3.314195	8.000000
3.333732	9.000000
3.353270	10.000000
3.372807	11.000000
3.392344	12.000000
3.411882	13.000000
3.431419	14.000000
3.450957	15.000000
3.470494	16.000000
3.490032	17.000000
3.509569	18.000000
3.529107	19.000000
3.548644	20.000000
3.568182	21.000000
3.587719	22.000000
3.607257	23.000000
3.626794	24.000000
3.646332	25.000000
3.665869	26.000000
3.685407	27.000000
3.704944	28.000000
3.724482	29.000000
3.744019	30.000000
3.763557	31.000000
3.783094	32.000000
3.802632	33.000000
3.822169	34.000000
3.841707	35.000000
3.861244	36.000000
3.880781	37.000000
3.900319	38.000000
3.919856	39.000000
3.939394	40.000000
3.684211	0.000000
3.707004	1.000000
3.729798	2.000000
3.752592	3.000000
3.775385	4.000000
3.798179	5.000000
3.820973	6.000000
3.843767	7.000000
3.866560	8.000000
3.889354	9.000000
3.912148	10.000000
3.934942	11.000000
3.957735	12.000000
3.980529	13.000000
4.003323	14.000000
4.026116	15.000000
4.048910	16.000000
4.071704	17.000000
4.094498	18.000000
4.117291	19.000000
4.140085	20.000000
4.162879	21.000000
4.185673	22.000000
4.208466	23.000000
4.231260	24.000000
4.254054	25.000000
4.276847	26.000000
4.299641	27.000000
4.322435	28.000000
4.345229	29.000000
4.368022	30.000000
4.390816	31.000000
4.413610	32.000000
4.436404	33.000000
4.459197	34.000000
4.481991	35.000000
4.504785	36.000000
4.527578	37.000000
4.550372	38.000000
4.573166	39.000000
4.595960	40.000000
4.210526	0.000000
4.236576	1.000000
4.262626	2.000000
4.288676	3.000000
4.314726	4.000000
4.340776	5.000000
4.366826	6.000000
4.392876	7.000000
4.418926	8.000000
4.444976	9.000000
4.471026	10.000000
4.497076	11.000000
4.523126	12.000000
4.549176	13.000000
4.575226	14.000000
4.601276	15.000000
4.627326	16.000000
4.653376	17.000000
4.679426	18.000000
4.705476	19.000000
4.731526	20.000000
4.757576	21.000000
4.783626	22.000000
4.809676	23.000000
4.835726	24.000000
4.861776	25.000000
4.887826	26.000000
4.913876	27.000000
4.939926	28.000000
4.965976	29.000000
4.992026	30.000000
5.018075	31.000000
5.044125	32.000000
5.070175	33.000000
5.096225	34.000000
5.122275	35.000000
5.148325	36.000000
5.174375	37.000000
5.200425	38.000000
5.226475	39.000000
5.252525	40.000000
4.736842	0.000000
4.766148	1.000000
4.795455	2.000000
4.824761	3.000000
4.854067	4.000000
4.883373	5.000000
4.912679	6.000000
4.941986	7.000000
4.971292	8.000000
5.000598	9.000000
5.029904	10.000000
5.059211	11.000000
5.088517	12.000000
5.117823	13.000000
5.147129	14.000000
5.176435	15.000000
5.205742	16.000000
5.235048	17.000000
5.264354	18.000000
5.293660	19.000000
5.322967	20.000000
5.352273	21.000000
5.381579	22.000000
5.410885	23.000000
5.440191	24.000000
5.469498	25.000000
5.498804	26.000000
5.528110	27.000000
5.557416	28.000000
5.586722	29.000000
5.616029	30.000000
5.645335	31.000000
5.674641	32.000000
5.703947	33.000000
5.733254	34.000000
5.762560	35.000000
5.791866	36.000000
5.821172	37.000000
5.850478	38.000000
5.879785	39.000000
5.909091	40.000000
5.263158	0.000000
5.295720	1.000000
5.328283	2.000000
5.360845	3.000000
5.393408	4.000000
5.425970	5.000000
5.458533	6.000000
5.491095	7.000000
5.523658	8.000000
5.556220	9.000000
5.588783	10.000000
5.621345	11.000000
5.653907	12.000000
5.686470	13.000000
5.719032	14.000000
5.751595	15.000000
5.784157	16.000000
5.816720	17.000000
5.849282	18.000000
5.881845	19.000000
5.914407	20.000000
5.946970	21.000000
5.979532	22.000000
6.012095	23.000000
6.044657	24.000000
6.077220	25.000000
6.109782	26.000000
6.142344	27.000000
6.174907	28.000000
6.207469	29.000000
6.240032	30.000000
6.272594	31.000000
6.305157	32.000000
6.337719	33.000000
6.370282	34.000000
6.402844	35.000000
6.435407	36.000000
6.467969	37.000000
6.500532	38.000000
6.533094	39.000000
6.565657	40.000000
5.789474	0.000000
5.825292	1.000000
5.861111	2.000000
5.896930	3.000000
5.932749	4.000000
5.968567	5.000000
6.004386	6.000000
6.040205	7.000000
6.076023	8.000000
6.111842	9.000000
6.147661	10.000000
6.183480	11.000000
6.219298	12.000000
6.255117	13.000000
6.290936	14.000000
6.326754	15.000000
6.362573	16.000000
6.398392	17.000000
6.434211	18.000000
6.470029	19.000000
6.505848	20.000000
6.541667	21.000000
6.577485	22.000000
6.613304	23.000000
6.649123	24.000000
6.684942	25.000000
6.720760	26.000000
6.756579	27.000000
6.792398	28.000000
6.828216	29.000000
6.864035	30.000000
6.899854	31.000000
6.935673	32.000000
6.971491	33.000000
7.007310	34.000000
7.043129	35.000000
7.078947	36.000000
7.114766	37.000000
7.150585	38.000000
7.186404	39.000000
7.222222	40.000000
6.315789	0.000000
6.354864	1.000000
6.393939	2.000000
6.433014	3.000000
6.472089	4.000000
6.511164	5.000000
6.550239	6.000000
6.589314	7.000000
6.628389	8.000000
6.667464	9.000000
6.706539	10.000000
6.745614	11.000000
6.784689	12.000000
6.823764	13.000000
6.862839	14.000000
6.901914	15.000000
6.940989	16.000000
6.980064	17.000000
7.019139	18.000000
7.058214	19.000000
7.097289	20.000000
7.136364	21.000000
7.175439	22.000000
7.214514	23.000000
7.253589	24.000000
7.292663	25.000000
7.331738	26.000000
7.370813	27.000000
7.409888	28.000000
7.448963	29.000000
7.488038	30.000000
7.527113	31.000000
7.566188	32.000000
7.605263	33.000000
7.644338	34.000000
7.683413	35.000000
7.722488	36.000000
7.761563	37.000000
7.800638	38.000000
7.839713	39.000000
7.878788	40.000000
6.842105	0.000000
6.884436	1.000000
6.926768	2.000000
6.969099	3.000000
7.011430	4.000000
7.053761	5.000000
7.096093	6.000000
7.138424	7.000000
7.180755	8.000000
7.223086	9.000000
7.265417	10.000000
7.307749	11.000000
7.350080	12.000000
7.392411	13.000000
7.434742	14.000000
7.477073	15.000000
7.519405	16.000000
7.561736	17.000000
7.604067	18.000000
7.646398	19.000000
7.688729	20.000000
7.731061	21.000000
7.773392	22.000000
7.815723	23.000000
7.858054	24.000000
7.900385	25.000000
7.942717	26.000000
7.985048	27.000000
8.027379	28.000000
8.069710	29.000000
8.112041	30.000000
8.154373	31.000000
8.196704	32.000000
8.239035	33.000000
8.281366	34.000000
8.323698	35.000000
8.366029	36.000000
8.408360	37.000000
8.450691	38.000000
8.493022	39.000000
8.535354	40.000000
7.368421	0.000000
7.414009	1.000000
7.459596	2.000000
7.505183	3.000000
7.550771	4.000000
7.596358	5.000000
7.641946	6.000000
7.687533	7.000000
7.733121	8.000000
7.778708	9.000000
7.824296	10.000000
7.869883	11.000000
7.915470	12.000000
7.961058	13.000000
8.006645	14.000000
8.052233	15.000000
8.097820	16.000000
8.143408	17.000000
8.188995	18.000000
8.234583	19.000000
8.280170	20.000000
8.325758	21.000000
8.371345	22.000000
8.416932	23.000000
8.462520	24.000000
8.508107	25.000000
8.553695	26.000000
8.599282	27.000000
8.644870	28.000000
8.690457	29.000000
8.736045	30.000000
8.781632	31.000000
8.827220	32.000000
8.872807	33.000000
8.918394	34.000000
8.963982	35.000000
9.009569	36.000000
9.055157	37.000000
9.100744	38.000000
9.146332	39.000000
9.191919	40.000000
7.894737	0.000000
7.943581	1.000000
7.992424	2.000000
8.041268	3.000000
8.090112	4.000000
8.138955	5.000000
8.187799	6.000000
8.236643	7.000000
8.285486	8.000000
8.334330	9.000000
8.383174	10.000000
8.432018	11.000000
8.480861	12.000000
8.529705	13.000000
8.578549	14.000000
8.627392	15.000000
8.676236	16.000000
8.725080	17.000000
8.773923	18.000000
8.822767	19.000000
8.871611	20.000000
8.920455	21.000000
8.969298	22.000000
9.018142	23.000000
9.066986	24.000000
9.115829	25.000000
9.164673	26.000000
9.213517	27.000000
9.262360	28.000000
9.311204	29.000000
9.360048	30.000000
9.408892	31.000000
9.457735	32.000000
9.506579	33.000000
9.555423	34.000000
9.604266	35.000000
9.653110	36.000000
9.701954	37.000000
9.750797	38.000000
9.799641	39.000000
9.848485	40.000000
8.421053	0.000000
8.473153	1.000000
8.525253	2.000000
8.577352	3.000000
8.629452	4.000000
8.681552	5.000000
8.733652	6.000000
8.785752	7.000000
8.837852	8.000000
8.889952	9.000000
8.942052	10.000000
8.994152	11.000000
9.046252	12.000000
9.098352	13.000000
9.150452	14.000000
9.202552	15.000000
9.254652	16.000000
9.306752	17.000000
9.358852	18.000000
9.410952	19.000000
9.463052	20.000000
9.515152	21.000000
9.567251	22.000000
9.619351	23.000000
9.671451	24.000000
9.723551	25.000000
9.775651	26.000000
9.827751	27.000000
9.879851	28.000000
9.931951	29.000000
9.984051	30.000000
10.036151	31.000000
10.088251	32.000000
10.140351	33.000000
10.192451	34.000000
10.244551	35.000000
10.296651	36.000000
10.348751	37.000000
10.400851	38.000000
10.452951	39.000000
10.505051	40.000000
8.947368	0.000000
9.002725	1.000000
9.058081	2.000000
9.113437	3.000000
9.168793	4.000000
9.224149	5.000000
9.279506	6.000000
9.334862	7.000000
9.390218	8.000000
9.445574	9.000000
9.500930	10.000000
9.556287	11.000000
9.611643	12.000000
9.666999	13.000000
9.722355	14.000000
9.777711	15.000000
9.833068	16.000000
9.888424	17.000000
9.943780	18.000000
9.999136	19.000000
10.054492	20.000000
10.109848	21.000000
10.165205	22.000000
10.220561	23.000000
10.275917	24.000000
10.331273	25.000000
10.386629	26.000000
10.441986	27.000000
10.497342	28.000000
10.552698	29.000000
10.608054	30.000000
10.663410	31.000000
10.718767	32.000000
10.774123	33.000000
10.829479	34.000000
10.884835	35.000000
10.940191	36.000000
10.995548	37.000000
11.050904	38.000000
11.106260	39.000000
11.161616	40.000000
9.473684	0.000000
9.532297	1.000000
9.590909	2.000000
9.649522	3.000000
9.708134	4.000000
9.766746	5.000000
9.825359	6.000000
9.883971	7.000000
9.942584	8.000000
10.001196	9.000000
10.059809	10.000000
10.118421	11.000000
10.177033	12.000000
10.235646	13.000000
10.294258	14.000000
10.352871	15.000000
10.411483	16.000000
10.470096	17.000000
10.528708	18.000000
10.587321	19.000000
10.645933	20.000000
10.704545	21.000000
10.763158	22.000000
10.821770	23.000000
10.880383	24.000000
10.938995	25.000000
10.997608	26.000000
11.056220	27.000000
11.114833	28.000000
11.173445	29.000000
11.232057	30.000000
11.290670	31.000000
11.349282	32.000000
11.407895	33.000000
11.466507	34.000000
11.525120	35.000000
11.583732	36.000000
11.642344	37.000000
11.700957	38.000000
11.759569	39.000000
11.818182	40.000000
10.000000	0.000000
10.061869	1.000000
10.123737	2.000000
10.185606	3.000000
10.247475	4.000000
10.309343	5.000000
10.371212	6.000000
10.433081	7.000000
10.494949	8.000000
10.556818	9.000000
10.618687	10.000000
10.680556	11.000000
10.742424	12.000000
10.804293	13.000000
10.866162	14.000000
10.928030	15.000000
10.989899	16.000000
11.051768	17.000000
11.113636	18.000000
11.175505	19.000000
11.237374	20.000000
11.299242	21.000000
11.361111	22.000000
11.422980	23.000000
11.484848	24.000000
11.546717	25.000000
11.608586	26.000000
11.670455	27.000000
11.732323	28.000000
11.794192	29.000000
11.856061	30.000000
11.917929	31.000000
11.979798	32.000000
12.041667	33.000000
12.103535	34.000000
12.165404	35.000000
12.227273	36.000000
12.289141	37.000000
12.351010	38.000000
12.412879	39.000000
12.474747	40.000000
10.687500	-0.121225
10.748595	0.881806
10.809691	1.884836
10.870786	2.887867
10.931881	3.890898
10.992977	4.893928
11.054072	5.896959
11.115167	6.899990
11.176263	7.903020
11.237358	8.906051
11.298453	9.909081
11.359549	10.912112
11.420644	11.915143
11.481739	12.918173
11.542835	13.921204
11.603930	14.924234
11.665025	15.927265
11.726121	16.930296
11.787216	17.933326
11.848311	18.936357
11.909407	19.939388
11.970502	20.942418
12.031597	21.945449
12.092693	22.948479
12.153788	23.951510
12.214883	24.954541
12.275979	25.957571
12.337074	26.960602
12.398169	27.963633
12.459265	28.966663
12.520360	29.969694
12.581455	30.972724
12.642551	31.975755
12.703646	32.978786
12.764741	33.981816
12.825836	34.984847
12.886932	35.987878
12.948027	36.990908
13.009122	37.993939
13.070218	38.996969
13.131313	40.000000
11.375000	-0.242450
11.435322	0.763612
11.495644	1.769673
11.555966	2.775734
11.616288	3.781795
11.676610	4.787857
11.736932	5.793918
11.797254	6.799979
11.857576	7.806040
11.917898	8.812102
11.978220	9.818163
12.038542	10.824224
12.098864	11.830285
12.159186	12.836347
12.219508	13.842408
12.279830	14.848469
12.340152	15.854530
12.400473	16.860591
12.460795	17.866653
12.521117	18.872714
12.581439	19.878775
12.641761	20.884836
12.702083	21.890898
12.762405	22.896959
12.822727	23.903020
12.883049	24.909081
12.943371	25.915143
13.003693	26.921204
13.064015	27.927265
13.124337	28.933326
13.184659	29.939388
13.244981	30.945449
13.305303	31.951510
13.365625	32.957571
13.425947	33.963633
13.486269	34.969694
13.546591	35.975755
13.606913	36.981816
13.667235	37.987878
13.727557	38.993939
13.787879	40.000000
12.062500	-0.363674
12.122049	0.645417
12.181597	1.654509
12.241146	2.663601
12.300694	3.672693
12.360243	4.681785
12.419792	5.690877
12.479340	6.699969
12.538889	7.709060
12.598437	8.718152
12.657986	9.727244
12.717535	10.736336
12.777083	11.745428
12.836632	12.754520
12.896181	13.763612
12.955729	14.772703
13.015278	15.781795
13.074826	16.790887
13.134375	17.799979
13.193924	18.809071
13.253472	19.818163
13.313021	20.827255
13.372569	21.836347
13.432118	22.845438
13.491667	23.854530
13.551215	24.863622
13.610764	25.872714
13.670313	26.881806
13.729861	27.890898
13.789410	28.899990
13.848958	29.909081
13.908507	30.918173
13.968056	31.927265
14.027604	32.936357
14.087153	33.945449
14.146701	34.954541
14.206250	35.963633
14.265799	36.972724
14.325347	37.981816
14.384896	38.990908
14.444444	40.000000
12.750000	-0.484899
12.808775	0.527223
12.867551	1.539346
12.926326	2.551468
12.985101	3.563591
13.043876	4.575713
13.102652	5.587836
13.161427	6.599958
13.220202	7.612081
13.278977	8.624203
13.337753	9.636326
13.396528	10.648448
13.455303	11.660571
13.514078	12.672693
13.572854	13.684816
13.631629	14.696938
13.690404	15.709060
13.749179	16.721183
13.807955	17.733305
13.866730	18.745428
13.925505	19.757550
13.984280	20.769673
14.043056	21.781795
14.101831	22.793918
14.160606	23.806040
14.219381	24.818163
14.278157	25.830285
14.336932	26.842408
14.395707	27.854530
14.454482	28.866653
14.513258	29.878775
14.572033	30.890898
14.630808	31.903020
14.689583	32.915143
14.748359	33.927265
14.807134	34.939388
14.865909	35.951510
14.924684	36.963633
14.983460	37.975755
15.042235	38.987878
15.101010	40.000000
13.437500	-0.606124
13.495502	0.409029
13.553504	1.424182
13.611506	2.439335
13.669508	3.454488
13.727509	4.469641
13.785511	5.484795
13.843513	6.499948
13.901515	7.515101
13.959517	8.530254
14.017519	9.545407
14.075521	10.560560
14.133523	11.575713
14.191525	12.590866
14.249527	13.606019
14.307528	14.621173
14.365530	15.636326
14.423532	16.651479
14.481534	17.666632
14.539536	18.681785
14.597538	19.696938
14.655540	20.712091
14.713542	21.727244
14.771544	22.742397
14.829545	23.757550
14.887547	24.772704
14.945549	25.787857
15.003551	26.803010
15.061553	27.818163
15.119555	28.833316
15.177557	29.848469
15.235559	30.863622
15.293561	31.878775
15.351562	32.893928
15.409564	33.909081
15.467566	34.924235
15.525568	35.939388
15.583570	36.954541
15.641572	37.969694
15.699574	38.984847
15.757576	40.000000
14.125000	-0.727349
14.182229	0.290835
14.239457	1.309019
14.296686	2.327202
14.353914	3.345386
14.411143	4.363570
14.468371	5.381754
14.525600	6.399937
14.582828	7.418121
14.640057	8.436305
14.697285	9.454488
14.754514	10.472672
14.811742	11.490856
14.868971	12.509040
14.926199	13.527223
14.983428	14.545407
15.040657	15.563591
15.097885	16.581774
15.155114	17.599958
15.212342	18.618142
15.269571	19.636326
15.326799	20.654509
15.384028	21.672693
15.441256	22.690877
15.498485	23.709060
15.555713	24.727244
15.612942	25.745428
15.670170	26.763612
15.727399	27.781795
15.784628	28.799979
15.841856	29.818163
15.899085	30.836347
15.956313	31.854530
16.013542	32.872714
16.070770	33.890898
16.127999	34.909081
16.185227	35.927265
16.242456	36.945449
16.299684	37.963633
16.356913	38.981816
16.414141	40.000000
14.812500	-0.848574
14.868955	0.172641
14.925410	1.193855
14.981866	2.215069
15.038321	3.236284
15.094776	4.257498
15.151231	5.278712
15.207686	6.299927
15.264141	7.321141
15.320597	8.342355
15.377052	9.363570
15.433507	10.384784
15.489962	11.405998
15.546417	12.427213
15.602872	13.448427
15.659328	14.469641
15.715783	15.490856
15.772238	16.512070
15.828693	17.533285
15.885148	18.554499
15.941604	19.575713
15.998059	20.596928
16.054514	21.618142
16.110969	22.639356
16.167424	23.660571
16.223879	24.681785
16.280335	25.702999
16.336790	26.724214
16.393245	27.745428
16.449700	28.766642
16.506155	29.787857
16.562610	30.809071
16.619066	31.830285
16.675521	32.851500
16.731976	33.872714
16.788431	34.893928
16.844886	35.915143
16.901342	36.936357
16.957797	37.957571
17.014252	38.978786
17.070707	40.000000
15.500000	-0.969798
15.555682	0.054447
15.611364	1.078692
15.667045	2.102936
15.722727	3.127181
15.778409	4.151426
15.834091	5.175671
15.889773	6.199916
15.945455	7.224161
16.001136	8.248406
16.056818	9.272651
16.112500	10.296896
16.168182	11.321141
16.223864	12.345386
16.279545	13.369631
16.335227	14.393876
16.390909	15.418121
16.446591	16.442366
16.502273	17.466611
16.557955	18.490856
16.613636	19.515101
16.669318	20.539346
16.725000	21.563591
16.780682	22.587836
16.836364	23.612081
16.892045	24.636326
16.947727	25.660571
17.003409	26.684816
17.059091	27.709060
17.114773	28.733305
17.170455	29.757550
17.226136	30.781795
17.281818	31.806040
17.337500	32.830285
17.393182	33.854530
17.448864	34.878775
17.504545	35.903020
17.560227	36.927265
17.615909	37.951510
17.671591	38.975755
17.727273	40.000000
16.187500	-1.091023
16.242408	-0.063748
16.297317	0.963528
16.352225	1.990804
16.407134	3.018079
16.462042	4.045355
16.516951	5.072630
16.571859	6.099906
16.626768	7.127181
16.681676	8.154457
16.736585	9.181733
16.791493	10.209008
16.846402	11.236284
16.901310	12.263559
16.956218	13.290835
17.011127	14.318111
17.066035	15.345386
17.120944	16.372662
17.175852	17.399937
17.230761	18.427213
17.285669	19.454488
17.340578	20.481764
17.395486	21.509040
17.450395	22.536315
17.505303	23.563591
17.560211	24.590866
17.615120	25.618142
17.670028	26.645417
17.724937	27.672693
17.779845	28.699969
17.834754	29.727244
17.889662	30.754520
17.944571	31.781795
17.999479	32.809071
18.054388	33.836347
18.109296	34.863622
18.164205	35.890898
18.219113	36.918173
18.274021	37.945449
18.328930	38.972724
18.383838	40.000000
16.875000	-1.212248
16.929135	-0.181942
16.983270	0.848364
17.037405	1.878671
17.091540	2.908977
17.145676	3.939283
17.199811	4.969589
17.253946	5.999895
17.308081	7.030202
17.362216	8.060508
17.416351	9.090814
17.470486	10.121120
17.524621	11.151426
17.578756	12.181733
17.632891	13.212039
17.687027	14.242345
17.741162	15.272651
17.795297	16.302957
17.849432	17.333264
17.903567	18.363570
17.957702	19.393876
18.011837	20.424182
18.065972	21.454488
18.120107	22.484795
18.174242	23.515101
18.228378	24.545407
18.282513	25.575713
18.336648	26.606019
18.390783	27.636326
18.444918	28.666632
18.499053	29.696938
18.553188	30.727244
18.607323	31.757550
18.661458	32.787857
18.715593	33.818163
18.769729	34.848469
18.823864	35.878775
18.877999	36.909081
18.932134	37.939388
18.986269	38.969694
19.040404	40.000000
17.562500	-1.333473
17.615862	-0.300136
17.669223	0.733201
17.722585	1.766538
17.775947	2.799874
17.829309	3.833211
17.882670	4.866548
17.936032	5.899885
17.989394	6.933222
18.042756	7.966559
18.096117	8.999895
18.149479	10.033232
18.202841	11.066569
18.256203	12.099906
18.309564	13.133243
18.362926	14.166579
18.416288	15.199916
18.469650	16.233253
18.523011	17.266590
18.576373	18.299927
18.629735	19.333264
18.683097	20.366600
18.736458	21.399937
18.789820	22.433274
18.843182	23.466611
18.896544	24.499948
18.949905	25.533285
19.003267	26.566621
19.056629	27.599958
19.109991	28.633295
19.163352	29.666632
19.216714	30.699969
19.270076	31.733305
19.323438	32.766642
19.376799	33.799979
19.430161	34.833316
19.483523	35.866653
19.536884	36.899990
19.590246	37.933326
19.643608	38.966663
19.696970	40.000000
18.250000	-1.454698
18.302588	-0.418330
18.355177	0.618037
18.407765	1.654405
18.460354	2.690772
18.512942	3.727140
18.565530	4.763507
18.618119	5.799874
18.670707	6.836242
18.723295	7.872609
18.775884	8.908977
18.828472	9.945344
18.881061	10.981712
18.933649	12.018079
18.986237	13.054447
19.038826	14.090814
19.091414	15.127181
19.144003	16.163549
19.196591	17.199916
19.249179	18.236284
19.301768	19.272651
19.354356	20.309019
19.406944	21.345386
19.459533	22.381754
19.512121	23.418121
19.564710	24.454488
19.617298	25.490856
19.669886	26.527223
19.722475	27.563591
19.775063	28.599958
19.827652	29.636326
19.880240	30.672693
19.932828	31.709060
19.985417	32.745428
20.038005	33.781795
20.090593	34.818163
20.143182	35.854530
20.195770	36.890898
20.248359	37.927265
20.300947	38.963633
20.353535	40.000000
18.937500	-1.575922
18.989315	-0.536524
19.041130	0.502874
19.092945	1.542272
19.144760	2.581670
19.196575	3.621068
19.248390	4.660466
19.300205	5.699864
19.352020	6.739262
19.403835	7.778660
19.455650	8.818058
19.507465	9.857456
19.559280	10.896854
19.611095	11.936252
19.662910	12.975650
19.714725	14.015049
19.766540	15.054447
19.818355	16.093845
19.870170	17.133243
19.921985	18.172641
19.973801	19.212039
20.025616	20.251437
20.077431	21.290835
20.129246	22.330233
20.181061	23.369631
20.232876	24.409029
20.284691	25.448427
20.336506	26.487825
20.388321	27.527223
20.440136	28.566621
20.491951	29.606019
20.543766	30.645417
20.595581	31.684816
20.647396	32.724214
20.699211	33.763612
20.751026	34.803010
20.802841	35.842408
20.854656	36.881806
20.906471	37.921204
20.958286	38.960602
21.010101	40.000000
19.625000	-1.697147
19.676042	-0.654719
19.727083	0.387710
19.778125	1.430139
19.829167	2.472568
19.880208	3.514996
19.931250	4.557425
19.982292	5.599854
20.033333	6.642282
20.084375	7.684711
20.135417	8.727140
20.186458	9.769568
20.237500	10.811997
20.288542	11.854426
20.339583	12.896854
20.390625	13.939283
20.441667	14.981712
20.492708	16.024140
20.543750	17.066569
20.594792	18.108998
20.645833	19.151426
20.696875	20.193855
20.747917	21.236284
20.798958	22.278712
20.850000	23.321141
20.901042	24.363570
20.952083	25.405998
21.003125	26.448427
21.054167	27.490856
21.105208	28.533285
21.156250	29.575713
21.207292	30.618142
21.258333	31.660571
21.309375	32.702999
21.360417	33.745428
21.411458	34.787857
21.462500	35.830285
21.513542	36.872714
21.564583	37.915143
21.615625	38.957571
21.666667	40.000000
20.312500	-1.818372
20.362768	-0.772913
20.413037	0.272547
20.463305	1.318006
20.513573	2.363465
20.563842	3.408925
20.614110	4.454384
20.664378	5.499843
20.714646	6.545302
20.764915	7.590762
20.815183	8.636221
20.865451	9.681680
20.915720	10.727140
20.965988	11.772599
21.016256	12.818058
21.066525	13.863517
21.116793	14.908977
21.167061	15.954436
21.217330	16.999895
21.267598	18.045355
21.317866	19.090814
21.368134	20.136273
21.418403	21.181733
21.468671	22.227192
21.518939	23.272651
21.569208	24.318111
21.619476	25.363570
21.669744	26.409029
21.720013	27.454488
21.770281	28.499948
21.820549	29.545407
21.870818	30.590866
21.921086	31.636326
21.971354	32.681785
22.021622	33.727244
22.071891	34.772703
22.122159	35.818163
22.172427	36.863622
22.222696	37.909081
22.272964	38.954541
22.323232	40.000000
21.000000	-1.939597
21.049495	-0.891107
21.098990	0.157383
21.148485	1.205873
21.197980	2.254363
21.247475	3.302853
21.296970	4.351343
21.346465	5.399833
21.395960	6.448323
21.445455	7.496812
21.494949	8.545302
21.544444	9.593792
21.593939	10.642282
21.643434	11.690772
21.692929	12.739262
21.742424	13.787752
21.791919	14.836242
21.841414	15.884732
21.890909	16.933222
21.940404	17.981712
21.989899	19.030202
22.039394	20.078692
22.088889	21.127181
22.138384	22.175671
22.187879	23.224161
22.237374	24.272651
22.286869	25.321141
22.336364	26.369631
22.385859	27.418121
22.435354	28.466611
22.484848	29.515101
22.534343	30.563591
22.583838	31.612081
22.633333	32.660571
22.682828	33.709060
22.732323	34.757550
22.781818	35.806040
22.831313	36.854530
22.880808	37.903020
22.930303	38.951510
22.979798	40.000000
21.687500	-2.060822
21.736222	-1.009301
21.784943	0.042219
21.833665	1.093740
21.882386	2.145261
21.931108	3.196781
21.979830	4.248302
22.028551	5.299822
22.077273	6.351343
22.125994	7.402863
22.174716	8.454384
22.223437	9.505904
22.272159	10.557425
22.320881	11.608945
22.369602	12.660466
22.418324	13.711987
22.467045	14.763507
22.515767	15.815028
22.564489	16.866548
22.613210	17.918069
22.661932	18.969589
22.710653	20.021110
22.759375	21.072630
22.808097	22.124151
22.856818	23.175671
22.905540	24.227192
22.954261	25.278712
23.002983	26.330233
23.051705	27.381754
23.100426	28.433274
23.149148	29.484795
23.197869	30.536315
23.246591	31.587836
23.295312	32.639356
23.344034	33.690877
23.392756	34.742397
23.441477	35.793918
23.490199	36.845438
23.538920	37.896959
23.587642	38.948479
23.636364	40.000000
22.375000	-2.182046
22.422948	-1.127495
22.470896	-0.072944
22.518845	0.981607
22.566793	2.036158
22.614741	3.090709
22.662689	4.145261
22.710638	5.199812
22.758586	6.254363
22.806534	7.308914
22.854482	8.363465
22.902431	9.418016
22.950379	10.472568
22.998327	11.527119
23.046275	12.581670
23.094223	13.636221
23.142172	14.690772
23.190120	15.745323
23.238068	16.799874
23.286016	17.854426
23.333965	18.908977
23.381913	19.963528
23.429861	21.018079
23.477809	22.072630
23.525758	23.127181
23.573706	24.181733
23.621654	25.236284
23.669602	26.290835
23.717551	27.345386
23.765499	28.399937
23.813447	29.454488
23.861395	30.509040
23.909343	31.563591
23.957292	32.618142
24.005240	33.672693
24.053188	34.727244
24.101136	35.781795
24.149085	36.836347
24.197033	37.890898
24.244981	38.945449
24.292929	40.000000
23.062500	-2.303271
23.109675	-1.245689
23.156850	-0.188108
23.204025	0.869474
23.251199	1.927056
23.298374	2.984638
23.345549	4.042219
23.392724	5.099801
23.439899	6.157383
23.487074	7.214965
23.534249	8.272547
23.581424	9.330128
23.628598	10.387710
23.675773	11.445292
23.722948	12.502874
23.770123	13.560456
23.817298	14.618037
23.864473	15.675619
23.911648	16.733201
23.958823	17.790783
24.005997	18.848364
24.053172	19.905946
24.100347	20.963528
24.147522	22.021110
24.194697	23.078692
24.241872	24.136273
24.289047	25.193855
24.336222	26.251437
24.383396	27.309019
24.430571	28.366600
24.477746	29.424182
24.524921	30.481764
24.572096	31.539346
24.619271	32.596928
24.666446	33.654509
24.713621	34.712091
24.760795	35.769673
24.807970	36.827255
24.855145	37.884836
24.902320	38.942418
24.949495	40.000000
23.750000	-2.424496
23.796402	-1.363884
23.842803	-0.303271
23.889205	0.757341
23.935606	1.817954
23.982008	2.878566
24.028409	3.939178
24.074811	4.999791
24.121212	6.060403
24.167614	7.121016
24.214015	8.181628
24.260417	9.242240
24.306818	10.302853
24.353220	11.363465
24.399621	12.424078
24.446023	13.484690
24.492424	14.545302
24.538826	15.605915
24.585227	16.666527
24.631629	17.727140
24.678030	18.787752
24.724432	19.848364
24.770833	20.908977
24.817235	21.969589
24.863636	23.030202
24.910038	24.090814
24.956439	25.151426
25.002841	26.212039
25.049242	27.272651
25.095644	28.333264
25.142045	29.393876
25.188447	30.454488
25.234848	31.515101
25.281250	32.575713
25.327652	33.636326
25.374053	34.696938
25.420455	35.757550
25.466856	36.818163
25.513258	37.878775
25.559659	38.939388
25.606061	40.000000
24.437500	-2.545721
24.483128	-1.482078
24.528756	-0.418435
24.574384	0.645208
24.620013	1.708851
24.665641	2.772494
24.711269	3.836137
24.756897	4.899780
24.802525	5.963423
24.848153	7.027066
24.893782	8.090709
24.939410	9.154352
24.985038	10.217995
25.030666	11.281638
25.076294	12.345281
25.121922	13.408924
25.167551	14.472568
25.213179	15.536211
25.258807	16.599854
25.304435	17.663497
25.350063	18.727140
25.395691	19.790783
25.441319	20.854426
25.486948	21.918069
25.532576	22.981712
25.578204	24.045355
25.623832	25.108998
25.669460	26.172641
25.715088	27.236284
25.760717	28.299927
25.806345	29.363570
25.851973	30.427213
25.897601	31.490856
25.943229	32.554499
25.988857	33.618142
26.034485	34.681785
26.080114	35.745428
26.125742	36.809071
26.171370	37.872714
26.216998	38.936357
26.262626	40.000000
25.125000	-2.666946
25.169855	-1.600272
25.214710	-0.533598
25.259564	0.533075
25.304419	1.599749
25.349274	2.666423
25.394129	3.733096
25.438984	4.799770
25.483838	5.866444
25.528693	6.933117
25.573548	7.999791
25.618403	9.066464
25.663258	10.133138
25.708112	11.199812
25.752967	12.266485
25.797822	13.333159
25.842677	14.399833
25.887532	15.466506
25.932386	16.533180
25.977241	17.599854
26.022096	18.666527
26.066951	19.733201
26.111806	20.799874
26.156660	21.866548
26.201515	22.933222
26.246370	23.999895
26.291225	25.066569
26.336080	26.133243
26.380934	27.199916
26.425789	28.266590
26.470644	29.333264
26.515499	30.399937
26.560354	31.466611
26.605208	32.533285
26.650063	33.599958
26.694918	34.666632
26.739773	35.733305
26.784628	36.799979
26.829482	37.866653
26.874337	38.933326
26.919192	40.000000
25.812500	-2.788170
25.856581	-1.718466
25.900663	-0.648762
25.944744	0.420942
25.988826	1.490647
26.032907	2.560351
26.076989	3.630055
26.121070	4.699759
26.165152	5.769464
26.209233	6.839168
26.253314	7.908872
26.297396	8.978576
26.341477	10.048281
26.385559	11.117985
26.429640	12.187689
26.473722	13.257394
26.517803	14.327098
26.561884	15.396802
26.605966	16.466506
26.650047	17.536211
26.694129	18.605915
26.738210	19.675619
26.782292	20.745323
26.826373	21.815028
26.870455	22.884732
26.914536	23.954436
26.958617	25.024140
27.002699	26.093845
27.046780	27.163549
27.090862	28.233253
27.134943	29.302957
27.179025	30.372662
27.223106	31.442366
27.267187	32.512070
27.311269	33.581774
27.355350	34.651479
27.399432	35.721183
27.443513	36.790887
27.487595	37.860591
27.531676	38.930296
27.575758	40.000000
26.500000	-2.909395
26.543308	-1.836660
26.586616	-0.763925
26.629924	0.308809
26.673232	1.381544
26.716540	2.454279
26.759848	3.527014
26.803157	4.599749
26.846465	5.672484
26.889773	6.745219
26.933081	7.817954
26.976389	8.890688
27.019697	9.963423
27.063005	11.036158
27.106313	12.108893
27.149621	13.181628
27.192929	14.254363
27.236237	15.327098
27.279545	16.399833
27.322854	17.472568
27.366162	18.545302
27.409470	19.618037
27.452778	20.690772
27.496086	21.763507
27.539394	22.836242
27.582702	23.908977
27.626010	24.981712
27.669318	26.054447
27.712626	27.127181
27.755934	28.199916
27.799242	29.272651
27.842551	30.345386
27.885859	31.418121
27.929167	32.490856
27.972475	33.563591
28.015783	34.636326
28.059091	35.709060
28.102399	36.781795
28.145707	37.854530
28.189015	38.927265
28.232323	40.000000
27.187500	-3.030620
27.230035	-1.954854
27.272569	-0.879089
27.315104	0.196677
27.357639	1.272442
27.400174	2.348208
27.442708	3.423973
27.485243	4.499738
27.527778	5.575504
27.570312	6.651269
27.612847	7.727035
27.655382	8.802801
27.697917	9.878566
27.740451	10.954331
27.782986	12.030097
27.825521	13.105862
27.868056	14.181628
27.910590	15.257393
27.953125	16.333159
27.995660	17.408925
28.038194	18.484690
28.080729	19.560455
28.123264	20.636221
28.165799	21.711986
28.208333	22.787752
28.250868	23.863517
28.293403	24.939283
28.335938	26.015049
28.378472	27.090814
28.421007	28.166579
28.463542	29.242345
28.506076	30.318110
28.548611	31.393876
28.591146	32.469641
28.633681	33.545407
28.676215	34.621173
28.718750	35.696938
28.761285	36.772704
28.803819	37.848469
28.846354	38.924234
28.888889	40.000000
27.875000	-3.151845
27.916761	-2.073049
27.958523	-0.994253
28.000284	0.084544
28.042045	1.163340
28.083807	2.242136
28.125568	3.320932
28.167330	4.399728
28.209091	5.478524
28.250852	6.557320
28.292614	7.636116
28.334375	8.714913
28.376136	9.793709
28.417898	10.872505
28.459659	11.951301
28.501420	13.030097
28.543182	14.108893
28.584943	15.187689
28.626705	16.266485
28.668466	17.345281
28.710227	18.424078
28.751989	19.502874
28.793750	20.581670
28.835511	21.660466
28.877273	22.739262
28.919034	23.818058
28.960795	24.896854
29.002557	25.975650
29.044318	27.054447
29.086080	28.133243
29.127841	29.212039
29.169602	30.290835
29.211364	31.369631
29.253125	32.448427
29.294886	33.527223
29.336648	34.606019
29.378409	35.684816
29.420170	36.763612
29.461932	37.842408
29.503693	38.921204
29.545455	40.000000
28.562500	-3.273070
28.603488	-2.191243
28.644476	-1.109416
28.685464	-0.027589
28.726452	1.054237
28.767440	2.136064
28.808428	3.217891
28.849416	4.299718
28.890404	5.381544
28.931392	6.463371
28.972380	7.545198
29.013368	8.627025
29.054356	9.708851
29.095344	10.790678
29.136332	11.872505
29.177320	12.954332
29.218308	14.036158
29.259296	15.117985
29.300284	16.199812
29.341272	17.281638
29.382260	18.363465
29.423248	19.445292
29.464236	20.527119
29.505224	21.608945
29.546212	22.690772
29.587200	23.772599
29.628188	24.854426
29.669176	25.936252
29.710164	27.018079
29.751152	28.099906
29.792140	29.181733
29.833128	30.263559
29.874116	31.345386
29.915104	32.427213
29.956092	33.509040
29.997080	34.590866
30.038068	35.672693
30.079056	36.754520
30.120044	37.836347
30.161032	38.918173
30.202020	40.000000
29.250000	-3.394294
29.290215	-2.309437
29.330429	-1.224580
29.370644	-0.139722
29.410859	0.945135
29.451073	2.029992
29.491288	3.114850
29.531503	4.199707
29.571717	5.284564
29.611932	6.369422
29.652146	7.454279
29.692361	8.539137
29.732576	9.623994
29.772790	10.708851
29.813005	11.793709
29.853220	12.878566
29.893434	13.963423
29.933649	15.048281
29.973864	16.133138
30.014078	17.217995
30.054293	18.302853
30.094508	19.387710
30.134722	20.472568
30.174937	21.557425
30.215152	22.642282
30.255366	23.727140
30.295581	24.811997
30.335795	25.896854
30.376010	26.981712
30.416225	28.066569
30.456439	29.151426
30.496654	30.236284
30.536869	31.321141
30.577083	32.405998
30.617298	33.490856
30.657513	34.575713
30.697727	35.660571
30.737942	36.745428
30.778157	37.830285
30.818371	38.915143
30.858586	40.000000
29.937500	-3.515519
29.976941	-2.427631
30.016383	-1.339743
30.055824	-0.251855
30.095265	0.836033
30.134706	1.923921
30.174148	3.011809
30.213589	4.099697
30.253030	5.187585
30.292472	6.275473
30.331913	7.363361
30.371354	8.451249
30.410795	9.539137
30.450237	10.627025
30.489678	11.714913
30.529119	12.802800
30.568561	13.890688
30.608002	14.978576
30.647443	16.066464
30.686884	17.154352
30.726326	18.242240
30.765767	19.330128
30.805208	20.418016
30.844650	21.505904
30.884091	22.593792
30.923532	23.681680
30.962973	24.769568
31.002415	25.857456
31.041856	26.945344
31.081297	28.033232
31.120739	29.121120
31.160180	30.209008
31.199621	31.296896
31.239063	32.384784
31.278504	33.472672
31.317945	34.560560
31.357386	35.648448
31.396828	36.736336
31.436269	37.824224
31.475710	38.912112
31.515152	40.000000
30.625000	-3.636744
30.663668	-2.545825
30.702336	-1.454907
30.741004	-0.363988
30.779672	0.726930
30.818340	1.817849
30.857008	2.908768
30.895676	3.999686
30.934343	5.090605
30.973011	6.181523
31.011679	7.272442
31.050347	8.363361
31.089015	9.454279
31.127683	10.545198
31.166351	11.636116
31.205019	12.727035
31.243687	13.817954
31.282355	14.908872
31.321023	15.999791
31.359691	17.090709
31.398359	18.181628
31.437027	19.272547
31.475694	20.363465
31.514362	21.454384
31.553030	22.545302
31.591698	23.636221
31.630366	24.727140
31.669034	25.818058
31.707702	26.908977
31.746370	27.999895
31.785038	29.090814
31.823706	30.181733
31.862374	31.272651
31.901042	32.363570
31.939710	33.454488
31.978378	34.545407
32.017045	35.636326
32.055713	36.727244
32.094381	37.818163
32.133049	38.909081
32.171717	40.000000
31.312500	-3.757969
31.350395	-2.664020
31.388289	-1.570070
31.426184	-0.476121
31.464078	0.617828
31.501973	1.711777
31.539867	2.805727
31.577762	3.899676
31.615657	4.993625
31.653551	6.087574
31.691446	7.181523
31.729340	8.275473
31.767235	9.369422
31.805129	10.463371
31.843024	11.557320
31.880919	12.651269
31.918813	13.745219
31.956708	14.839168
31.994602	15.933117
32.032497	17.027066
32.070391	18.121016
32.108286	19.214965
32.146181	20.308914
32.184075	21.402863
32.221970	22.496812
32.259864	23.590762
32.297759	24.684711
32.335653	25.778660
32.373548	26.872609
32.411443	27.966559
32.449337	29.060508
32.487232	30.154457
32.525126	31.248406
32.563021	32.342355
32.600915	33.436305
32.638810	34.530254
32.676705	35.624203
32.714599	36.718152
32.752494	37.812102
32.790388	38.906051
32.828283	40.000000
32.000000	-3.879194
32.037121	-2.782214
32.074242	-1.685234
32.111364	-0.588254
32.148485	0.508726
32.185606	1.605706
32.222727	2.702685
32.259848	3.799665
32.296970	4.896645
32.334091	5.993625
32.371212	7.090605
32.408333	8.187585
32.445455	9.284564
32.482576	10.381544
32.519697	11.478524
32.556818	12.575504
32.593939	13.672484
32.631061	14.769464
32.668182	15.866444
32.705303	16.963423
32.742424	18.060403
32.779545	19.157383
32.816667	20.254363
32.853788	21.351343
32.890909	22.448323
32.928030	23.545302
32.965152	24.642282
33.002273	25.739262
33.039394	26.836242
33.076515	27.933222
33.113636	29.030202
33.150758	30.127181
33.187879	31.224161
33.225000	32.321141
33.262121	33.418121
33.299242	34.515101
33.336364	35.612081
33.373485	36.709060
33.410606	37.806040
33.447727	38.903020
33.484848	40.000000
32.687500	-4.000418
32.723848	-2.900408
32.760196	-1.800397
32.796544	-0.700387
32.832891	0.399623
32.869239	1.499634
32.905587	2.599644
32.941935	3.699655
32.978283	4.799665
33.014631	5.899676
33.050979	6.999686
33.087326	8.099697
33.123674	9.199707
33.160022	10.299718
33.196370	11.399728
33.232718	12.499738
33.269066	13.599749
33.305414	14.699759
33.341761	15.799770
33.378109	16.899780
33.414457	17.999791
33.450805	19.099801
33.487153	20.199812
33.523501	21.299822
33.559848	22.399833
33.596196	23.499843
33.632544	24.599854
33.668892	25.699864
33.705240	26.799874
33.741588	27.899885
33.777936	28.999895
33.814283	30.099906
33.850631	31.199916
33.886979	32.299927
33.923327	33.399937
33.959675	34.499948
33.996023	35.599958
34.032371	36.699969
34.068718	37.799979
34.105066	38.899990
34.141414	40.000000
33.375000	-4.121643
33.410574	-3.018602
33.446149	-1.915561
33.481723	-0.812520
33.517298	0.290521
33.552872	1.393562
33.588447	2.496603
33.624021	3.599644
33.659596	4.702685
33.695170	5.805727
33.730745	6.908768
33.766319	8.011809
33.801894	9.114850
33.837468	10.217891
33.873043	11.320932
33.908617	12.423973
33.944192	13.527014
33.979766	14.630055
34.015341	15.733096
34.050915	16.836137
34.086490	17.939178
34.122064	19.042219
34.157639	20.145261
34.193213	21.248302
34.228788	22.351343
34.264362	23.454384
34.299937	24.557425
34.335511	25.660466
34.371086	26.763507
34.406660	27.866548
34.442235	28.969589
34.477809	30.072630
34.513384	31.175671
34.548958	32.278712
34.584533	33.381754
34.620107	34.484795
34.655682	35.587836
34.691256	36.690877
34.726831	37.793918
34.762405	38.896959
34.797980	40.000000
34.062500	-4.242868
34.097301	-3.136796
34.132102	-2.030725
34.166903	-0.924653
34.201705	0.181419
34.236506	1.287491
34.271307	2.393562
34.306108	3.499634
34.340909	4.605706
34.375710	5.711777
34.410511	6.817849
34.445312	7.923921
34.480114	9.029992
34.514915	10.136064
34.549716	11.242136
34.584517	12.348207
34.619318	13.454279
34.654119	14.560351
34.688920	15.666423
34.723722	16.772494
34.758523	17.878566
34.793324	18.984638
34.828125	20.090709
34.862926	21.196781
34.897727	22.302853
34.932528	23.408924
34.967330	24.514996
35.002131	25.621068
35.036932	26.727140
35.071733	27.833211
35.106534	28.939283
35.141335	30.045355
35.176136	31.151426
35.210938	32.257498
35.245739	33.363570
35.280540	34.469641
35.315341	35.575713
35.350142	36.681785
35.384943	37.787857
35.419744	38.893928
35.454545	40.000000
34.750000	-4.364093
34.784028	-3.254990
34.818056	-2.145888
34.852083	-1.036786
34.886111	0.072316
34.920139	1.181419
34.954167	2.290521
34.988194	3.399623
35.022222	4.508726
35.056250	5.617828
35.090278	6.726930
35.124306	7.836033
35.158333	8.945135
35.192361	10.054237
35.226389	11.163340
35.260417	12.272442
35.294444	13.381544
35.328472	14.490647
35.362500	15.599749
35.396528	16.708851
35.430556	17.817954
35.464583	18.927056
35.498611	20.036158
35.532639	21.145261
35.566667	22.254363
35.600694	23.363465
35.634722	24.472568
35.668750	25.581670
35.702778	26.690772
35.736806	27.799874
35.770833	28.908977
35.804861	30.018079
35.838889	31.127181
35.872917	32.236284
35.906944	33.345386
35.940972	34.454488
35.975000	35.563591
36.009028	36.672693
36.043056	37.781795
36.077083	38.890898
36.111111	40.000000
35.437500	-4.485318
35.470754	-3.373185
35.504009	-2.261052
35.537263	-1.148919
35.570518	-0.036786
35.603772	1.075347
35.637027	2.187480
35.670281	3.299613
35.703535	4.411746
35.736790	5.523879
35.770044	6.636012
35.803299	7.748145
35.836553	8.860278
35.869807	9.972411
35.903062	11.084544
35.936316	12.196677
35.969571	13.308809
36.002825	14.420942
36.036080	15.533075
36.069334	16.645208
36.102588	17.757341
36.135843	18.869474
36.169097	19.981607
36.202352	21.093740
36.235606	22.205873
36.268860	23.318006
36.302115	24.430139
36.335369	25.542272
36.368624	26.654405
36.401878	27.766538
36.435133	28.878671
36.468387	29.990804
36.501641	31.102936
36.534896	32.215069
36.568150	33.327202
36.601405	34.439335
36.634659	35.551468
36.667914	36.663601
36.701168	37.775734
36.734422	38.887867
36.767677	40.000000
36.125000	-4.606542
36.157481	-3.491379
36.189962	-2.376215
36.222443	-1.261052
36.254924	-0.145888
36.287405	0.969275
36.319886	2.084439
36.352367	3.199603
36.384848	4.314766
36.417330	5.429930
36.449811	6.545093
36.482292	7.660257
36.514773	8.775420
36.547254	9.890584
36.579735	11.005747
36.612216	12.120911
36.644697	13.236075
36.677178	14.351238
36.709659	15.466402
36.742140	16.581565
36.774621	17.696729
36.807102	18.811892
36.839583	19.927056
36.872064	21.042219
36.904545	22.157383
36.937027	23.272547
36.969508	24.387710
37.001989	25.502874
37.034470	26.618037
37.066951	27.733201
37.099432	28.848364
37.131913	29.963528
37.164394	31.078692
37.196875	32.193855
37.229356	33.309019
37.261837	34.424182
37.294318	35.539346
37.326799	36.654509
37.359280	37.769673
37.391761	38.884836
37.424242	40.000000
36.812500	-4.727767
36.844208	-3.609573
36.875915	-2.491379
36.907623	-1.373185
36.939331	-0.254990
36.971039	0.863204
37.002746	1.981398
37.034454	3.099592
37.066162	4.217786
37.097869	5.335980
37.129577	6.454175
37.161285	7.572369
37.192992	8.690563
37.224700	9.808757
37.256408	10.926951
37.288116	12.045145
37.319823	13.163340
37.351531	14.281534
37.383239	15.399728
37.414946	16.517922
37.446654	17.636116
37.478362	18.754311
37.510069	19.872505
37.541777	20.990699
37.573485	22.108893
37.605193	23.227087
37.636900	24.345281
37.668608	25.463476
37.700316	26.581670
37.732023	27.699864
37.763731	28.818058
37.795439	29.936252
37.827146	31.054447
37.858854	32.172641
37.890562	33.290835
37.922270	34.409029
37.953977	35.527223
37.985685	36.645417
38.017393	37.763612
38.049100	38.881806
38.080808	40.000000
37.500000	-4.848992
37.530934	-3.727767
37.561869	-2.606542
37.592803	-1.485318
37.623737	-0.364093
37.654672	0.757132
37.685606	1.878357
37.716540	2.999582
37.747475	4.120806
37.778409	5.242031
37.809343	6.363256
37.840278	7.484481
37.871212	8.605706
37.902146	9.726930
37.933081	10.848155
37.964015	11.969380
37.994949	13.090605
38.025884	14.211830
38.056818	15.333054
38.087753	16.454279
38.118687	17.575504
38.149621	18.696729
38.180556	19.817954
38.211490	20.939178
38.242424	22.060403
38.273359	23.181628
38.304293	24.302853
38.335227	25.424078
38.366162	26.545302
38.397096	27.666527
38.428030	28.787752
38.458965	29.908977
38.489899	31.030202
38.520833	32.151426
38.551768	33.272651
38.582702	34.393876
38.613636	35.515101
38.644571	36.636326
38.675505	37.757550
38.706439	38.878775
38.737374	40.000000
38.187500	-4.970217
38.217661	-3.845961
38.247822	-2.721706
38.277983	-1.597451
38.308144	-0.473195
38.338305	0.651060
38.368466	1.775316
38.398627	2.899571
38.428788	4.023827
38.458949	5.148082
38.489110	6.272337
38.519271	7.396593
38.549432	8.520848
38.579593	9.645104
38.609754	10.769359
38.639915	11.893614
38.670076	13.017870
38.700237	14.142125
38.730398	15.266381
38.760559	16.390636
38.790720	17.514892
38.820881	18.639147
38.851042	19.763402
38.881203	20.887658
38.911364	22.011913
38.941525	23.136169
38.971686	24.260424
39.001847	25.384680
39.032008	26.508935
39.062169	27.633190
39.092330	28.757446
39.122491	29.881701
39.152652	31.005957
39.182812	32.130212
39.212973	33.254467
39.243134	34.378723
39.273295	35.502978
39.303456	36.627234
39.333617	37.751489
39.363778	38.875745
39.393939	40.000000
38.875000	-5.091442
38.904388	-3.964156
38.933775	-2.836870
38.963163	-1.709583
38.992551	-0.582297
39.021938	0.544989
39.051326	1.672275
39.080713	2.799561
39.110101	3.926847
39.139489	5.054133
39.168876	6.181419
39.198264	7.308705
39.227652	8.435991
39.257039	9.563277
39.286427	10.690563
39.315814	11.817849
39.345202	12.945135
39.374590	14.072421
39.403977	15.199707
39.433365	16.326993
39.462753	17.454279
39.492140	18.581565
39.521528	19.708851
39.550915	20.836137
39.580303	21.963423
39.609691	23.090709
39.639078	24.217995
39.668466	25.345281
39.697854	26.472568
39.727241	27.599854
39.756629	28.727140
39.786016	29.854426
39.815404	30.981712
39.844792	32.108998
39.874179	33.236284
39.903567	34.363570
39.932955	35.490856
39.962342	36.618142
39.991730	37.745428
40.021117	38.872714
40.050505	40.000000
39.562500	-5.212666
39.591114	-4.082350
39.619729	-2.952033
39.648343	-1.821716
39.676957	-0.691400
39.705571	0.438917
39.734186	1.569234
39.762800	2.699550
39.791414	3.829867
39.820028	4.960184
39.848643	6.090500
39.877257	7.220817
39.905871	8.351134
39.934485	9.481450
39.963100	10.611767
39.991714	11.742083
40.020328	12.872400
40.048943	14.002717
40.077557	15.133033
40.106171	16.263350
40.134785	17.393667
40.163400	18.523983
40.192014	19.654300
40.220628	20.784617
40.249242	21.914933
40.277857	23.045250
40.306471	24.175567
40.335085	25.305883
40.363699	26.436200
40.392314	27.566517
40.420928	28.696833
40.449542	29.827150
40.478157	30.957467
40.506771	32.087783
40.535385	33.218100
40.563999	34.348417
40.592614	35.478733
40.621228	36.609050
40.649842	37.739367
40.678456	38.869683
40.707071	40.000000
40.250000	-5.333891
40.277841	-4.200544
40.305682	-3.067197
40.333523	-1.933849
40.361364	-0.800502
40.389205	0.332845
40.417045	1.466192
40.444886	2.599540
40.472727	3.732887
40.500568	4.866234
40.528409	5.999582
40.556250	7.132929
40.584091	8.266276
40.611932	9.399623
40.639773	10.532971
40.667614	11.666318
40.695455	12.799665
40.723295	13.933013
40.751136	15.066360
40.778977	16.199707
40.806818	17.333054
40.834659	18.466402
40.862500	19.599749
40.890341	20.733096
40.918182	21.866444
40.946023	22.999791
40.973864	24.133138
41.001705	25.266485
41.029545	26.399833
41.057386	27.533180
41.085227	28.666527
41.113068	29.799874
41.140909	30.933222
41.168750	32.066569
41.196591	33.199916
41.224432	34.333264
41.252273	35.466611
41.280114	36.599958
41.307955	37.733305
41.335795	38.866653
41.363636	40.000000
40.937500	-5.455116
40.964568	-4.318738
40.991635	-3.182360
41.018703	-2.045982
41.045770	-0.909604
41.072838	0.226773
41.099905	1.363151
41.126973	2.499529
41.154040	3.635907
41.181108	4.772285
41.208176	5.908663
41.235243	7.045041
41.262311	8.181419
41.289378	9.317797
41.316446	10.454175
41.343513	11.590553
41.370581	12.726930
41.397648	13.863308
41.424716	14.999686
41.451783	16.136064
41.478851	17.272442
41.505919	18.408820
41.532986	19.545198
41.560054	20.681576
41.587121	21.817954
41.614189	22.954331
41.641256	24.090709
41.668324	25.227087
41.695391	26.363465
41.722459	27.499843
41.749527	28.636221
41.776594	29.772599
41.803662	30.908977
41.830729	32.045355
41.857797	33.181733
41.884864	34.318110
41.911932	35.454488
41.938999	36.590866
41.966067	37.727244
41.993134	38.863622
42.020202	40.000000
41.625000	-5.576341
41.651294	-4.436932
41.677588	-3.297524
41.703883	-2.158115
41.730177	-1.018707
41.756471	0.120702
41.782765	1.260110
41.809059	2.399519
41.835354	3.538927
41.861648	4.678336
41.887942	5.817744
41.914236	6.957153
41.940530	8.096561
41.966824	9.235970
41.993119	10.375378
42.019413	11.514787
42.045707	12.654196
42.072001	13.793604
42.098295	14.933013
42.124590	16.072421
42.150884	17.211830
42.177178	18.351238
42.203472	19.490647
42.229766	20.630055
42.256061	21.769464
42.282355	22.908872
42.308649	24.048281
42.334943	25.187689
42.361237	26.327098
42.387532	27.466506
42.413826	28.605915
42.440120	29.745323
42.466414	30.884732
42.492708	32.024140
42.519003	33.163549
42.545297	34.302957
42.571591	35.442366
42.597885	36.581774
42.624179	37.721183
42.650473	38.860591
42.676768	40.000000
42.312500	-5.697566
42.338021	-4.555126
42.363542	-3.412687
42.389063	-2.270248
42.414583	-1.127809
42.440104	0.014630
42.465625	1.157069
42.491146	2.299508
42.516667	3.441948
42.542187	4.584387
42.567708	5.726826
42.593229	6.869265
42.618750	8.011704
42.644271	9.154143
42.669792	10.296582
42.695312	11.439021
42.720833	12.581461
42.746354	13.723900
42.771875	14.866339
42.797396	16.008778
42.822917	17.151217
42.848438	18.293656
42.873958	19.436095
42.899479	20.578535
42.925000	21.720974
42.950521	22.863413
42.976042	24.005852
43.001563	25.148291
43.027083	26.290730
43.052604	27.433169
43.078125	28.575609
43.103646	29.718048
43.129167	30.860487
43.154688	32.002926
43.180208	33.145365
43.205729	34.287804
43.231250	35.430243
43.256771	36.572683
43.282292	37.715122
43.307813	38.857561
43.333333	40.000000
43.000000	-5.818790
43.024747	-4.673321
43.049495	-3.527851
43.074242	-2.382381
43.098990	-1.236911
43.123737	-0.091442
43.148485	1.054028
43.173232	2.199498
43.197980	3.344968
43.222727	4.490437
43.247475	5.635907
43.272222	6.781377
43.296970	7.926847
43.321717	9.072316
43.346465	10.217786
43.371212	11.363256
43.395960	12.508726
43.420707	13.654196
43.445455	14.799665
43.470202	15.945135
43.494949	17.090605
43.519697	18.236075
43.544444	19.381544
43.569192	20.527014
43.593939	21.672484
43.618687	22.817954
43.643434	23.963423
43.668182	25.108893
43.692929	26.254363
43.717677	27.399833
43.742424	28.545302
43.767172	29.690772
43.791919	30.836242
43.816667	31.981712
43.841414	33.127181
43.866162	34.272651
43.890909	35.418121
43.915657	36.563591
43.940404	37.709060
43.965152	38.854530
43.989899	40.000000
43.687500	-5.940015
43.711474	-4.791515
43.735448	-3.643014
43.759422	-2.494514
43.783396	-1.346014
43.807371	-0.197513
43.831345	0.950987
43.855319	2.099487
43.879293	3.247988
43.903267	4.396488
43.927241	5.544989
43.951215	6.693489
43.975189	7.841989
43.999164	8.990490
44.023138	10.138990
44.047112	11.287490
44.071086	12.435991
44.095060	13.584491
44.119034	14.732992
44.143008	15.881492
44.166982	17.029992
44.190956	18.178493
44.214931	19.326993
44.238905	20.475494
44.262879	21.623994
44.286853	22.772494
44.310827	23.920995
44.334801	25.069495
44.358775	26.217995
44.382749	27.366496
44.406723	28.514996
44.430698	29.663497
44.454672	30.811997
44.478646	31.960497
44.502620	33.108998
44.526594	34.257498
44.550568	35.405998
44.574542	36.554499
44.598516	37.702999
44.622491	38.851500
44.646465	40.000000
44.375000	-6.061240
44.398201	-4.909709
44.421402	-3.758178
44.444602	-2.606647
44.467803	-1.455116
44.491004	-0.303585
44.514205	0.847946
44.537405	1.999477
44.560606	3.151008
44.583807	4.302539
44.607008	5.454070
44.630208	6.605601
44.653409	7.757132
44.676610	8.908663
44.699811	10.060194
44.723011	11.211725
44.746212	12.363256
44.769413	13.514787
44.792614	14.666318
44.815814	15.817849
44.839015	16.969380
44.862216	18.120911
44.885417	19.272442
44.908617	20.423973
44.931818	21.575504
44.955019	22.727035
44.978220	23.878566
45.001420	25.030097
45.024621	26.181628
45.047822	27.333159
45.071023	28.484690
45.094223	29.636221
45.117424	30.787752
45.140625	31.939283
45.163826	33.090814
45.187027	34.242345
45.210227	35.393876
45.233428	36.545407
45.256629	37.696938
45.279830	38.848469
45.303030	40.000000
45.062500	-6.182465
45.084927	-5.027903
45.107355	-3.873342
45.129782	-2.718780
45.152210	-1.564218
45.174637	-0.409657
45.197064	0.744905
45.219492	1.899467
45.241919	3.054028
45.264347	4.208590
45.286774	5.363151
45.309201	6.517713
45.331629	7.672275
45.354056	8.826836
45.376484	9.981398
45.398911	11.135959
45.421338	12.290521
45.443766	13.445083
45.466193	14.599644
45.488621	15.754206
45.511048	16.908768
45.533475	18.063329
45.555903	19.217891
45.578330	20.372452
45.600758	21.527014
45.623185	22.681576
45.645612	23.836137
45.668040	24.990699
45.690467	26.145261
45.712895	27.299822
45.735322	28.454384
45.757749	29.608945
45.780177	30.763507
45.802604	31.918069
45.825032	33.072630
45.847459	34.227192
45.869886	35.381754
45.892314	36.536315
45.914741	37.690877
45.937169	38.845438
45.959596	40.000000
45.750000	-6.303690
45.771654	-5.146097
45.793308	-3.988505
45.814962	-2.830913
45.836616	-1.673321
45.858270	-0.515728
45.879924	0.641864
45.901578	1.799456
45.923232	2.957048
45.944886	4.114641
45.966540	5.272233
45.988194	6.429825
46.009848	7.587417
46.031503	8.745010
46.053157	9.902602
46.074811	11.060194
46.096465	12.217786
46.118119	13.375378
46.139773	14.532971
46.161427	15.690563
46.183081	16.848155
46.204735	18.005747
46.226389	19.163340
46.248043	20.320932
46.269697	21.478524
46.291351	22.636116
46.313005	23.793709
46.334659	24.951301
46.356313	26.108893
46.377967	27.266485
46.399621	28.424078
46.421275	29.581670
46.442929	30.739262
46.464583	31.896854
46.486237	33.054447
46.507891	34.212039
46.529545	35.369631
46.551199	36.527223
46.572854	37.684816
46.594508	38.842408
46.616162	40.000000
46.437500	-6.424914
46.458381	-5.264292
46.479261	-4.103669
46.500142	-2.943046
46.521023	-1.782423
46.541903	-0.621800
46.562784	0.538823
46.583665	1.699446
46.604545	2.860068
46.625426	4.020691
46.646307	5.181314
46.667188	6.341937
46.688068	7.502560
46.708949	8.663183
46.729830	9.823806
46.750710	10.984428
46.771591	12.145051
46.792472	13.305674
46.813352	14.466297
46.834233	15.626920
46.855114	16.787543
46.875994	17.948166
46.896875	19.108789
46.917756	20.269411
46.938636	21.430034
46.959517	22.590657
46.980398	23.751280
47.001278	24.911903
47.022159	26.072526
47.043040	27.233149
47.063920	28.393771
47.084801	29.554394
47.105682	30.715017
47.126562	31.875640
47.147443	33.036263
47.168324	34.196886
47.189205	35.357509
47.210085	36.518131
47.230966	37.678754
47.251847	38.839377
47.272727	40.000000
47.125000	-6.546139
47.145107	-5.382486
47.165215	-4.218832
47.185322	-3.055179
47.205429	-1.891525
47.225537	-0.727872
47.245644	0.435782
47.265751	1.599435
47.285859	2.763089
47.305966	3.926742
47.326073	5.090396
47.346181	6.254049
47.366288	7.417703
47.386395	8.581356
47.406503	9.745010
47.426610	10.908663
47.446717	12.072316
47.466824	13.235970
47.486932	14.399623
47.507039	15.563277
47.527146	16.726930
47.547254	17.890584
47.567361	19.054237
47.587468	20.217891
47.607576	21.381544
47.627683	22.545198
47.647790	23.708851
47.667898	24.872505
47.688005	26.036158
47.708112	27.199812
47.728220	28.363465
47.748327	29.527119
47.768434	30.690772
47.788542	31.854426
47.808649	33.018079
47.828756	34.181733
47.848864	35.345386
47.868971	36.509040
47.889078	37.672693
47.909186	38.836347
47.929293	40.000000
47.812500	-6.667364
47.831834	-5.500680
47.851168	-4.333996
47.870502	-3.167312
47.889836	-2.000628
47.909170	-0.833944
47.928504	0.332741
47.947838	1.499425
47.967172	2.666109
47.986506	3.832793
48.005840	4.999477
48.025174	6.166161
48.044508	7.332845
48.063842	8.499529
48.083176	9.666213
48.102509	10.832897
48.121843	11.999582
48.141177	13.166266
48.160511	14.332950
48.179845	15.499634
48.199179	16.666318
48.218513	17.833002
48.237847	18.999686
48.257181	20.166370
48.276515	21.333054
48.295849	22.499738
48.315183	23.666423
48.334517	24.833107
48.353851	25.999791
48.373185	27.166475
48.392519	28.333159
48.411853	29.499843
48.431187	30.666527
48.450521	31.833211
48.469855	32.999895
48.489189	34.166579
48.508523	35.333264
48.527857	36.499948
48.547191	37.666632
48.566525	38.833316
48.585859	40.000000
48.500000	-6.788589
48.518561	-5.618874
48.537121	-4.449159
48.555682	-3.279445
48.574242	-2.109730
48.592803	-0.940015
48.611364	0.229700
48.629924	1.399414
48.648485	2.569129
48.667045	3.738844
48.685606	4.908558
48.704167	6.078273
48.722727	7.247988
48.741288	8.417703
48.759848	9.587417
48.778409	10.757132
48.796970	11.926847
48.815530	13.096561
48.834091	14.266276
48.852652	15.435991
48.871212	16.605706
48.889773	17.775420
48.908333	18.945135
48.926894	20.114850
48.945455	21.284564
48.964015	22.454279
48.982576	23.623994
49.001136	24.793709
49.019697	25.963423
49.038258	27.133138
49.056818	28.302853
49.075379	29.472568
49.093939	30.642282
49.112500	31.811997
49.131061	32.981712
49.149621	34.151426
49.168182	35.321141
49.186742	36.490856
49.205303	37.660571
49.223864	38.830285
49.242424	40.000000
49.187500	-6.909814
49.205287	-5.737068
49.223074	-4.564323
49.240862	-3.391578
49.258649	-2.218832
49.276436	-1.046087
49.294223	0.126658
49.312011	1.299404
49.329798	2.472149
49.347585	3.644894
49.365372	4.817640
49.383160	5.990385
49.400947	7.163130
49.418734	8.335876
49.436521	9.508621
49.454309	10.681366
49.472096	11.854112
49.489883	13.026857
49.507670	14.199603
49.525458	15.372348
49.543245	16.545093
49.561032	17.717839
49.578819	18.890584
49.596607	20.063329
49.614394	21.236075
49.632181	22.408820
49.649968	23.581565
49.667756	24.754311
49.685543	25.927056
49.703330	27.099801
49.721117	28.272547
49.738905	29.445292
49.756692	30.618037
49.774479	31.790783
49.792266	32.963528
49.810054	34.136273
49.827841	35.309019
49.845628	36.481764
49.863415	37.654509
49.881203	38.827255
49.898990	40.000000
49.875000	-7.031038
49.892014	-5.855262
49.909028	-4.679486
49.926042	-3.503711
49.943056	-2.327935
49.960069	-1.152159
49.977083	0.023617
49.994097	1.199393
50.011111	2.375169
50.028125	3.550945
50.045139	4.726721
50.062153	5.902497
50.079167	7.078273
50.096181	8.254049
50.113194	9.429825
50.130208	10.605601
50.147222	11.781377
50.164236	12.957153
50.181250	14.132929
50.198264	15.308705
50.215278	16.484481
50.232292	17.660257
50.249306	18.836033
50.266319	20.011809
50.283333	21.187585
50.300347	22.363361
50.317361	23.539137
50.334375	24.714913
50.351389	25.890688
50.368403	27.066464
50.385417	28.242240
50.402431	29.418016
50.419444	30.593792
50.436458	31.769568
50.453472	32.945344
50.470486	34.121120
50.487500	35.296896
50.504514	36.472672
50.521528	37.648448
50.538542	38.824224
50.555556	40.000000
50.562500	-7.152263
50.578741	-5.973457
50.594981	-4.794650
50.611222	-3.615843
50.627462	-2.437037
50.643703	-1.258230
50.659943	-0.079424
50.676184	1.099383
50.692424	2.278189
50.708665	3.456996
50.724905	4.635803
50.741146	5.814609
50.757386	6.993416
50.773627	8.172222
50.789867	9.351029
50.806108	10.529836
50.822348	11.708642
50.838589	12.887449
50.854830	14.066255
50.871070	15.245062
50.887311	16.423868
50.903551	17.602675
50.919792	18.781482
50.936032	19.960288
50.952273	21.139095
50.968513	22.317901
50.984754	23.496708
51.000994	24.675514
51.017235	25.854321
51.033475	27.033128
51.049716	28.211934
51.065956	29.390741
51.082197	30.569547
51.098437	31.748354
51.114678	32.927161
51.130919	34.105967
51.147159	35.284774
51.163400	36.463580
51.179640	37.642387
51.195881	38.821193
51.212121	40.000000
51.250000	-7.273488
51.265467	-6.091651
51.280934	-4.909814
51.296402	-3.727976
51.311869	-2.546139
51.327336	-1.364302
51.342803	-0.182465
51.358270	0.999372
51.373737	2.181210
51.389205	3.363047
51.404672	4.544884
51.420139	5.726721
51.435606	6.908558
51.451073	8.090396
51.466540	9.272233
51.482008	10.454070
51.497475	11.635907
51.512942	12.817744
51.528409	13.999582
51.543876	15.181419
51.559343	16.363256
51.574811	17.545093
51.590278	18.726930
51.605745	19.908768
51.621212	21.090605
51.636679	22.272442
51.652146	23.454279
51.667614	24.636116
51.683081	25.817954
51.698548	26.999791
51.714015	28.181628
51.729482	29.363465
51.744949	30.545302
51.760417	31.727140
51.775884	32.908977
51.791351	34.090814
51.806818	35.272651
51.822285	36.454488
51.837753	37.636326
51.853220	38.818163
51.868687	40.000000
51.937500	-7.394713
51.952194	-6.209845
51.966888	-5.024977
51.981581	-3.840109
51.996275	-2.655242
52.010969	-1.470374
52.025663	-0.285506
52.040357	0.899362
52.055051	2.084230
52.069744	3.269098
52.084438	4.453965
52.099132	5.638833
52.113826	6.823701
52.128520	8.008569
52.143213	9.193437
52.157907	10.378304
52.172601	11.563172
52.187295	12.748040
52.201989	13.932908
52.216682	15.117776
52.231376	16.302644
52.246070	17.487511
52.260764	18.672379
52.275458	19.857247
52.290152	21.042115
52.304845	22.226983
52.319539	23.411851
52.334233	24.596718
52.348927	25.781586
52.363621	26.966454
52.378314	28.151322
52.393008	29.336190
52.407702	30.521057
52.422396	31.705925
52.437090	32.890793
52.451783	34.075661
52.466477	35.260529
52.481171	36.445397
52.495865	37.630264
52.510559	38.815132
52.525253	40.000000
52.625000	-7.515938
52.638920	-6.328039
52.652841	-5.140141
52.666761	-3.952242
52.680682	-2.764344
52.694602	-1.576445
52.708523	-0.388547
52.722443	0.799351
52.736364	1.987250
52.750284	3.175148
52.764205	4.363047
52.778125	5.550945
52.792045	6.738844
52.805966	7.926742
52.819886	9.114641
52.833807	10.302539
52.847727	11.490437
52.861648	12.678336
52.875568	13.866234
52.889489	15.054133
52.903409	16.242031
52.917330	17.429930
52.931250	18.617828
52.945170	19.805727
52.959091	20.993625
52.973011	22.181523
52.986932	23.369422
53.000852	24.557320
53.014773	25.745219
53.028693	26.933117
53.042614	28.121016
53.056534	29.308914
53.070455	30.496812
53.084375	31.684711
53.098295	32.872609
53.112216	34.060508
53.126136	35.248406
53.140057	36.436305
53.153977	37.624203
53.167898	38.812102
53.181818	40.000000
53.312500	-7.637162
53.325647	-6.446233
53.338794	-5.255304
53.351941	-4.064375
53.365088	-2.873446
53.378235	-1.682517
53.391383	-0.491588
53.404530	0.699341
53.417677	1.890270
53.430824	3.081199
53.443971	4.272128
53.457118	5.463057
53.470265	6.653986
53.483412	7.844915
53.496559	9.035844
53.509706	10.226774
53.522854	11.417703
53.536001	12.608632
53.549148	13.799561
53.562295	14.990490
53.575442	16.181419
53.588589	17.372348
53.601736	18.563277
53.614883	19.754206
53.628030	20.945135
53.641177	22.136064
53.654324	23.326993
53.667472	24.517922
53.680619	25.708851
53.693766	26.899780
53.706913	28.090709
53.720060	29.281638
53.733207	30.472568
53.746354	31.663497
53.759501	32.854426
53.772648	34.045355
53.785795	35.236284
53.798943	36.427213
53.812090	37.618142
53.825237	38.809071
53.838384	40.000000
54.000000	-7.758387
54.012374	-6.564428
54.024747	-5.370468
54.037121	-4.176508
54.049495	-2.982548
54.061869	-1.788589
54.074242	-0.594629
54.086616	0.599331
54.098990	1.793290
54.111364	2.987250
54.123737	4.181210
54.136111	5.375169
54.148485	6.569129
54.160859	7.763089
54.173232	8.957048
54.185606	10.151008
54.197980	11.344968
54.210354	12.538927
54.222727	13.732887
54.235101	14.926847
54.247475	16.120806
54.259848	17.314766
54.272222	18.508726
54.284596	19.702685
54.296970	20.896645
54.309343	22.090605
54.321717	23.284564
54.334091	24.478524
54.346465	25.672484
54.358838	26.866444
54.371212	28.060403
54.383586	29.254363
54.395960	30.448323
54.408333	31.642282
54.420707	32.836242
54.433081	34.030202
54.445455	35.224161
54.457828	36.418121
54.470202	37.612081
54.482576	38.806040
54.494949	40.000000
54.687500	-7.879612
54.699100	-6.682622
54.710701	-5.485631
54.722301	-4.288641
54.733902	-3.091651
54.745502	-1.894661
54.757102	-0.697670
54.768703	0.499320
54.780303	1.696310
54.791903	2.893301
54.803504	4.090291
54.815104	5.287281
54.826705	6.484272
54.838305	7.681262
54.849905	8.878252
54.861506	10.075242
54.873106	11.272233
54.884706	12.469223
54.896307	13.666213
54.907907	14.863204
54.919508	16.060194
54.931108	17.257184
54.942708	18.454175
54.954309	19.651165
54.965909	20.848155
54.977509	22.045146
54.989110	23.242136
55.000710	24.439126
55.012311	25.636116
55.023911	26.833107
55.035511	28.030097
55.047112	29.227087
55.058712	30.424078
55.070312	31.621068
55.081913	32.818058
55.093513	34.015048
55.105114	35.212039
55.116714	36.409029
55.128314	37.606019
55.139915	38.803010
55.151515	40.000000
55.375000	-8.000837
55.385827	-6.800816
55.396654	-5.600795
55.407481	-4.400774
55.418308	-3.200753
55.429135	-2.000732
55.439962	-0.800711
55.450789	0.399310
55.461616	1.599331
55.472443	2.799351
55.483270	3.999372
55.494097	5.199393
55.504924	6.399414
55.515751	7.599435
55.526578	8.799456
55.537405	9.999477
55.548232	11.199498
55.559059	12.399519
55.569886	13.599540
55.580713	14.799561
55.591540	15.999582
55.602367	17.199603
55.613194	18.399623
55.624021	19.599644
55.634848	20.799665
55.645676	21.999686
55.656503	23.199707
55.667330	24.399728
55.678157	25.599749
55.688984	26.799770
55.699811	27.999791
55.710638	29.199812
55.721465	30.399833
55.732292	31.599854
55.743119	32.799874
55.753946	33.999895
55.764773	35.199916
55.775600	36.399937
55.786427	37.599958
55.797254	38.799979
55.808081	40.000000
56.062500	-8.122062
56.072554	-6.919010
56.082607	-5.715959
56.092661	-4.512907
56.102715	-3.309855
56.112768	-2.106804
56.122822	-0.903752
56.132876	0.299299
56.142929	1.502351
56.152983	2.705402
56.163037	3.908454
56.173090	5.111505
56.183144	6.314557
56.193198	7.517608
56.203251	8.720660
56.213305	9.923711
56.223359	11.126763
56.233412	12.329815
56.243466	13.532866
56.253520	14.735918
56.263573	15.938969
56.273627	17.142021
56.283681	18.345072
56.293734	19.548124
56.303788	20.751175
56.313842	21.954227
56.323895	23.157278
56.333949	24.360330
56.344003	25.563382
56.354056	26.766433
56.364110	27.969485
56.374164	29.172536
56.384217	30.375588
56.394271	31.578639
56.404324	32.781691
56.414378	33.984742
56.424432	35.187794
56.434485	36.390845
56.444539	37.593897
56.454593	38.796948
56.464646	40.000000
56.750000	-8.243286
56.759280	-7.037204
56.768561	-5.831122
56.777841	-4.625040
56.787121	-3.418958
56.796402	-2.212876
56.805682	-1.006793
56.814962	0.199289
56.824242	1.405371
56.833523	2.611453
56.842803	3.817535
56.852083	5.023617
56.861364	6.229700
56.870644	7.435782
56.879924	8.641864
56.889205	9.847946
56.898485	11.054028
56.907765	12.260110
56.917045	13.466192
56.926326	14.672275
56.935606	15.878357
56.944886	17.084439
56.954167	18.290521
56.963447	19.496603
56.972727	20.702685
56.982008	21.908768
56.991288	23.114850
57.000568	24.320932
57.009848	25.527014
57.019129	26.733096
57.028409	27.939178
57.037689	29.145261
57.046970	30.351343
57.056250	31.557425
57.065530	32.763507
57.074811	33.969589
57.084091	35.175671
57.093371	36.381754
57.102652	37.587836
57.111932	38.793918
57.121212	40.000000
57.437500	-8.364511
57.446007	-7.155398
57.454514	-5.946286
57.463021	-4.737173
57.471528	-3.528060
57.480035	-2.318947
57.488542	-1.109835
57.497049	0.099278
57.505556	1.308391
57.514063	2.517504
57.522569	3.726617
57.531076	4.935729
57.539583	6.144842
57.548090	7.353955
57.556597	8.563068
57.565104	9.772180
57.573611	10.981293
57.582118	12.190406
57.590625	13.399519
57.599132	14.608632
57.607639	15.817744
57.616146	17.026857
57.624653	18.235970
57.633160	19.445083
57.641667	20.654196
57.650174	21.863308
57.658681	23.072421
57.667187	24.281534
57.675694	25.490647
57.684201	26.699759
57.692708	27.908872
57.701215	29.117985
57.709722	30.327098
57.718229	31.536211
57.726736	32.745323
57.735243	33.954436
57.743750	35.163549
57.752257	36.372662
57.760764	37.581774
57.769271	38.790887
57.777778	40.000000
58.125000	-8.485736
58.132734	-7.273593
58.140467	-6.061449
58.148201	-4.849306
58.155934	-3.637162
58.163668	-2.425019
58.171402	-1.212876
58.179135	-0.000732
58.186869	1.211411
58.194602	2.423555
58.202336	3.635698
58.210069	4.847841
58.217803	6.059985
58.225537	7.272128
58.233270	8.484272
58.241004	9.696415
58.248737	10.908558
58.256471	12.120702
58.264205	13.332845
58.271938	14.544989
58.279672	15.757132
58.287405	16.969275
58.295139	18.181419
58.302872	19.393562
58.310606	20.605706
58.318340	21.817849
58.326073	23.029992
58.333807	24.242136
58.341540	25.454279
58.349274	26.666423
58.357008	27.878566
58.364741	29.090709
58.372475	30.302853
58.380208	31.514996
58.387942	32.727140
58.395676	33.939283
58.403409	35.151426
58.411143	36.363570
58.418876	37.575713
58.426610	38.787857
58.434343	40.000000
58.812500	-8.606961
58.819460	-7.391787
58.826420	-6.176613
58.833381	-4.961439
58.840341	-3.746265
58.847301	-2.531091
58.854261	-1.315917
58.861222	-0.100743
58.868182	1.114431
58.875142	2.329605
58.882102	3.544779
58.889063	4.759953
58.896023	5.975127
58.902983	7.190301
58.909943	8.405475
58.916903	9.620649
58.923864	10.835824
58.930824	12.050998
58.937784	13.266172
58.944744	14.481346
58.951705	15.696520
58.958665	16.911694
58.965625	18.126868
58.972585	19.342042
58.979545	20.557216
58.986506	21.772390
58.993466	22.987564
59.000426	24.202738
59.007386	25.417912
59.014347	26.633086
59.021307	27.848260
59.028267	29.063434
59.035227	30.278608
59.042188	31.493782
59.049148	32.708956
59.056108	33.924130
59.063068	35.139304
59.070028	36.354478
59.076989	37.569652
59.083949	38.784826
59.090909	40.000000
59.500000	-8.728186
59.506187	-7.509981
59.512374	-6.291776
59.518561	-5.073572
59.524747	-3.855367
59.530934	-2.637162
59.537121	-1.418958
59.543308	-0.200753
59.549495	1.017452
59.555682	2.235656
59.561869	3.453861
59.568056	4.672065
59.574242	5.890270
59.580429	7.108475
59.586616	8.326679
59.592803	9.544884
59.598990	10.763089
59.605177	11.981293
59.611364	13.199498
59.617551	14.417703
59.623737	15.635907
59.629924	16.854112
59.636111	18.072316
59.642298	19.290521
59.648485	20.508726
59.654672	21.726930
59.660859	22.945135
59.667045	24.163340
59.673232	25.381544
59.679419	26.599749
59.685606	27.817954
59.691793	29.036158
59.697980	30.254363
59.704167	31.472568
59.710354	32.690772
59.716540	33.908977
59.722727	35.127181
59.728914	36.345386
59.735101	37.563591
59.741288	38.781795
59.747475	40.000000
60.187500	-8.849410
60.192914	-7.628175
60.198327	-6.406940
60.203741	-5.185705
60.209154	-3.964469
60.214568	-2.743234
60.219981	-1.521999
60.225395	-0.300764
60.230808	0.920472
60.236222	2.141707
60.241635	3.362942
60.247049	4.584177
60.252462	5.805413
60.257876	7.026648
60.263289	8.247883
60.268703	9.469118
60.274116	10.690354
60.279530	11.911589
60.284943	13.132824
60.290357	14.354060
60.295770	15.575295
60.301184	16.796530
60.306597	18.017765
60.312011	19.239001
60.317424	20.460236
60.322838	21.681471
60.328251	22.902706
60.333665	24.123942
60.339078	25.345177
60.344492	26.566412
60.349905	27.787647
60.355319	29.008883
60.360732	30.230118
60.366146	31.451353
60.371559	32.672588
60.376973	33.893824
60.382386	35.115059
60.387800	36.336294
60.393213	37.557529
60.398627	38.778765
60.404040	40.000000
60.875000	-8.970635
60.879640	-7.746369
60.884280	-6.522103
60.888920	-5.297838
60.893561	-4.073572
60.898201	-2.849306
60.902841	-1.625040
60.907481	-0.400774
60.912121	0.823492
60.916761	2.047758
60.921402	3.272024
60.926042	4.496289
60.930682	5.720555
60.935322	6.944821
60.939962	8.169087
60.944602	9.393353
60.949242	10.617619
60.953883	11.841885
60.958523	13.066151
60.963163	14.290417
60.967803	15.514682
60.972443	16.738948
60.977083	17.963214
60.981723	19.187480
60.986364	20.411746
60.991004	21.636012
60.995644	22.860278
61.000284	24.084544
61.004924	25.308809
61.009564	26.533075
61.014205	27.757341
61.018845	28.981607
61.023485	30.205873
61.028125	31.430139
61.032765	32.654405
61.037405	33.878671
61.042045	35.102936
61.046686	36.327202
61.051326	37.551468
61.055966	38.775734
61.060606	40.000000
61.562500	-9.091860
61.566367	-7.864563
61.570234	-6.637267
61.574100	-5.409971
61.577967	-4.182674
61.581834	-2.955378
61.585701	-1.728081
61.589568	-0.500785
61.593434	0.726512
61.597301	1.953808
61.601168	3.181105
61.605035	4.408401
61.608902	5.635698
61.612768	6.862994
61.616635	8.090291
61.620502	9.317587
61.624369	10.544884
61.628235	11.772180
61.632102	12.999477
61.635969	14.226773
61.639836	15.454070
61.643703	16.681366
61.647569	17.908663
61.651436	19.135960
61.655303	20.363256
61.659170	21.590553
61.663037	22.817849
61.666903	24.045145
61.670770	25.272442
61.674637	26.499738
61.678504	27.727035
61.682371	28.954331
61.686237	30.181628
61.690104	31.408925
61.693971	32.636221
61.697838	33.863518
61.701705	35.090814
61.705571	36.318110
61.709438	37.545407
61.713305	38.772703
61.717172	40.000000
62.250000	-9.213085
62.253093	-7.982758
62.256187	-6.752431
62.259280	-5.522103
62.262374	-4.291776
62.265467	-3.061449
62.268561	-1.831122
62.271654	-0.600795
62.274747	0.629532
62.277841	1.859859
62.280934	3.090186
62.284028	4.320514
62.287121	5.550841
62.290215	6.781168
62.293308	8.011495
62.296402	9.241822
62.299495	10.472149
62.302588	11.702476
62.305682	12.932803
62.308775	14.163130
62.311869	15.393458
62.314962	16.623785
62.318056	17.854112
62.321149	19.084439
62.324242	20.314766
62.327336	21.545093
62.330429	22.775420
62.333523	24.005747
62.336616	25.236075
62.339710	26.466402
62.342803	27.696729
62.345896	28.927056
62.348990	30.157383
62.352083	31.387710
62.355177	32.618037
62.358270	33.848364
62.361364	35.078692
62.364457	36.309019
62.367551	37.539346
62.370644	38.769673
62.373737	40.000000
62.937500	-9.334310
62.939820	-8.100952
62.942140	-6.867594
62.944460	-5.634236
62.946780	-4.400879
62.949100	-3.167521
62.951420	-1.934163
62.953741	-0.700805
62.956061	0.532552
62.958381	1.765910
62.960701	2.999268
62.963021	4.232626
62.965341	5.465983
62.967661	6.699341
62.969981	7.932699
62.972301	9.166056
62.974621	10.399414
62.976941	11.632772
62.979261	12.866130
62.981581	14.099487
62.983902	15.332845
62.986222	16.566203
62.988542	17.799561
62.990862	19.032918
62.993182	20.266276
62.995502	21.499634
62.997822	22.732992
63.000142	23.966349
63.002462	25.199707
63.004782	26.433065
63.007102	27.666423
63.009422	28.899780
63.011742	30.133138
63.014063	31.366496
63.016383	32.599854
63.018703	33.833211
63.021023	35.066569
63.023343	36.299927
63.025663	37.533285
63.027983	38.766642
63.030303	40.000000
63.625000	-9.455534
63.626547	-8.219146
63.628093	-6.982758
63.629640	-5.746369
63.631187	-4.509981
63.632734	-3.273593
63.634280	-2.037204
63.635827	-0.800816
63.637374	0.435572
63.638920	1.671961
63.640467	2.908349
63.642014	4.144738
63.643561	5.381126
63.645107	6.617514
63.646654	7.853903
63.648201	9.090291
63.649747	10.326679
63.651294	11.563068
63.652841	12.799456
63.654388	14.035844
63.655934	15.272233
63.657481	16.508621
63.659028	17.745010
63.660574	18.981398
63.662121	20.217786
63.663668	21.454175
63.665215	22.690563
63.666761	23.926951
63.668308	25.163340
63.669855	26.399728
63.671402	27.636116
63.672948	28.872505
63.674495	30.108893
63.676042	31.345281
63.677588	32.581670
63.679135	33.818058
63.680682	35.054447
63.682229	36.290835
63.683775	37.527223
63.685322	38.763612
63.686869	40.000000
64.312500	-9.576759
64.313273	-8.337340
64.314047	-7.097921
64.314820	-5.858502
64.315593	-4.619083
64.316367	-3.379664
64.317140	-2.140245
64.317914	-0.900826
64.318687	0.338593
64.319460	1.578012
64.320234	2.817431
64.321007	4.056850
64.321780	5.296269
64.322554	6.535688
64.323327	7.775107
64.324100	9.014525
64.324874	10.253944
64.325647	11.493363
64.326420	12.732782
64.327194	13.972201
64.327967	15.211620
64.328741	16.451039
64.329514	17.690458
64.330287	18.929877
64.331061	20.169296
64.331834	21.408715
64.332607	22.648134
64.333381	23.887553
64.334154	25.126972
64.334927	26.366391
64.335701	27.605810
64.336474	28.845229
64.337247	30.084648
64.338021	31.324067
64.338794	32.563486
64.339568	33.802905
64.340341	35.042324
64.341114	36.281743
64.341888	37.521162
64.342661	38.760581
64.343434	40.000000
65.000000	-9.697984
65.000000	-8.455534
65.000000	-7.213085
65.000000	-5.970635
65.000000	-4.728186
65.000000	-3.485736
65.000000	-2.243286
65.000000	-1.000837
65.000000	0.241613
65.000000	1.484062
65.000000	2.726512
65.000000	3.968962
65.000000	5.211411
65.000000	6.453861
65.000000	7.696310
65.000000	8.938760
65.000000	10.181210
65.000000	11.423659
65.000000	12.666109
65.000000	13.908558
65.000000	15.151008
65.000000	16.393458
65.000000	17.635907
65.000000	18.878357
65.000000	20.120806
65.000000	21.363256
65.000000	22.605706
65.000000	23.848155
65.000000	25.090605
65.000000	26.333054
65.000000	27.575504
65.000000	28.817954
65.000000	30.060403
65.000000	31.302853
65.000000	32.545302
65.000000	33.787752
65.000000	35.030202
65.000000	36.272651
65.000000	37.515101
65.000000	38.757550
65.000000	40.000000
